<?xml version="1.0" encoding="UTF-8" standalone="no" ?>
<SimscapeMultibodyImportXML version="2.0" xmlns="urn:mathworks:SimscapeMultibody:import" xmlns:xsi="http://www.w3.org/2001/XMLSchema-instance">
<Created by="" on="11/28/23||10:57:58" using="Simscape Multibody Link Version 5.2" from="SolidWorks 26.4.0"/>
<ModelUnits mass="kilogram" length="millimeter"/>
<DataUnits mass="kilogram" length="meter"/>
<RootAssembly name="soudeur" uid="soudeur" version="201">
<AssemblyFile name="soudeur.SLDASM" type="SolidWorks Assembly"/>
<InstanceTree>
<Instance name="Link_T-1" uid="Link_T-1" entityUid="Link_T*:*Default">
<Transform>
<Rotation>0.44989760581832933 0 -0.8930801443761559 0 1 0 0.89308014437615579 0 0.44989760581832944</Rotation>
<Translation>0 0.14999999999999147 0</Translation>
</Transform>
</Instance>
<Instance name="Base-1" uid="Base-1" grounded="true" entityUid="Base*:*Default">
<Transform>
<Rotation>1 0 0 0 1 0 0 0 1</Rotation>
<Translation>0 0 0</Translation>
</Transform>
</Instance>
<Instance name="Pin_Short-2" uid="Pin_Short-2" entityUid="Pin_Short*:*Default">
<Transform>
<Rotation>0.38962275574046262 0.89308014437615613 -0.2249488029091771 0.50000000000004818 -1.1338152638986065e-14 0.86602540378441084 0.77343009264519802 -0.44989760581832838 -0.44654007218812553</Rotation>
<Translation>0.034617128234795652 0.49960413994473862 0.1353994088745904</Translation>
</Transform>
</Instance>
<Instance name="Pin_Short-4" uid="Pin_Short-4" entityUid="Pin_Short*:*Default">
<Transform>
<Rotation>0.033658016792849001 -0.84204630584295892 0.53835411832900337 0.98654168843644641 0.11423067773778427 0.11699080835917167 -0.16000823379607138 0.52717110228064734 0.83455856237754156</Rotation>
<Translation>0.21551903985777263 0.75410278340003511 0.18596478465698585</Translation>
</Transform>
</Instance>
<Instance name="Pin_Short-1" uid="Pin_Short-1" entityUid="Pin_Short*:*Default">
<Transform>
<Rotation>0.38962275574046829 0.89308014437615635 -0.22494880290916675 0.50000000000002542 -1.1290556163612018e-14 0.86602540378442394 0.77343009264521012 -0.44989760581832799 -0.44654007218810537</Rotation>
<Translation>0.0069499161050525574 0.2059748540754377 0.080477939002750826</Translation>
</Transform>
</Instance>
<Instance name="Pin_Short-3" uid="Pin_Short-3" entityUid="Pin_Short*:*Default">
<Transform>
<Rotation>0.89168093179498564 0.42724876137153739 -0.14954468154940517 0.069311318413297449 -0.45533666618881108 -0.88761729453851312 -0.44732656640650853 0.7811062772315599 -0.43562819772877098</Rotation>
<Translation>0.11007648337387813 0.78032825793682337 0.220520417590962</Translation>
</Transform>
</Instance>
<Instance name="Link_End-1" uid="Link_End-1" entityUid="Link_End*:*Default">
<Transform>
<Rotation>0.84204630584295859 0.32926663165695025 0.42724876137153733 -0.11423067773778554 0.88296085569385552 -0.45533666618881075 -0.52717110228064745 0.33460964210503635 0.7811062772315599</Rotation>
<Translation>0.17744018784133775 0.77118980371783274 0.17834672940845708</Translation>
</Transform>
</Instance>
<Instance name="Tool-1" uid="Tool-1" entityUid="Tool*:*Default">
<Transform>
<Rotation>-0.3645279979920848 0.84204630584295914 -0.39758943333055052 0.59986185073251252 -0.11423067773778621 -0.79190726243628484 -0.71223949533541553 -0.52717110228064634 -0.4634711751603986</Rotation>
<Translation>0.19025765068248379 0.75752970373216844 0.20177991772540532</Translation>
</Transform>
</Instance>
<Instance name="Link_Half-1" uid="Link_Half-1" entityUid="Link_Half*:*Default">
<Transform>
<Rotation>0.20494804549613582 0.40050487433785453 0.89308014437615446 0.89021339335502547 -0.45554375672522468 3.932965064734617e-14 0.40683708402583535 0.79503190586308448 -0.44989760581833149</Rotation>
<Translation>0.065359335059286192 0.63313614894793113 0.19642497147855745</Translation>
</Transform>
</Instance>
<Instance name="Link_Half-2" uid="Link_Half-2" entityUid="Link_Half*:*Default">
<Transform>
<Rotation>-0.20494804549613557 -0.88059911114751954 -0.42724876137153689 -0.89021339335502558 -0.013734435386675081 0.45533666618881025 -0.40683708402583557 0.47366292944541039 -0.78110627723156045</Rotation>
<Translation>0.10496920223177202 0.61947604896227193 0.20636123162092759</Translation>
</Transform>
</Instance>
<Instance name="Pin_Long-1" uid="Pin_Long-1" entityUid="Pin_Long*:*Default">
<Transform>
<Rotation>1 0 0 0 1 0 0 0 1</Rotation>
<Translation>0 0 0</Translation>
</Transform>
</Instance>
<Instance name="Link_Long-1" uid="Link_Long-1" entityUid="Link_Long*:*Default">
<Transform>
<Rotation>0.09222404043274178 -0.44034370903570841 -0.89308014437615579 0.97876428623077327 0.20498895579802637 1.195083528665597e-14 0.18307156623961357 -0.8741149500572053 0.44989760581832905</Rotation>
<Translation>0.074368330832571647 0.35278949701005252 0.080944817589604395</Translation>
</Transform>
</Instance>
<Instance name="Pin_Short-5" uid="Pin_Short-5" entityUid="Pin_Short*:*Default">
<Transform>
<Rotation>-0.65200626051764188 0.20494804549613593 -0.72998913340755589 -0.18583552115380786 0.89021339335502558 0.41591498334253746 0.73508706649164612 0.40683708402583485 -0.54233807881990215</Rotation>
<Translation>0.086003298025799382 0.60642974714723108 0.17072293078322198</Translation>
</Transform>
</Instance>
</InstanceTree>
<Constraints>
<Concentric name="Concentric1">
<ConstraintGeometry geomType="cylinder">
<InstancePath>
<Uid>Base-1</Uid>
</InstancePath>
<Position>0 0.14999999999999999 0</Position>
<Axis>0 -1 0</Axis>
</ConstraintGeometry>
<ConstraintGeometry geomType="cylinder">
<InstancePath>
<Uid>Link_T-1</Uid>
</InstancePath>
<Position>0 0.01999999999999999 0</Position>
<Axis>0 -1 0</Axis>
</ConstraintGeometry>
</Concentric>
<Coincident name="Coincident1">
<ConstraintGeometry geomType="plane">
<InstancePath>
<Uid>Base-1</Uid>
</InstancePath>
<Position>0 0.14999999999999999 0</Position>
<Axis>0 1 0</Axis>
</ConstraintGeometry>
<ConstraintGeometry geomType="plane">
<InstancePath>
<Uid>Link_T-1</Uid>
</InstancePath>
<Position>0 0 0</Position>
<Axis>0 -1 0</Axis>
</ConstraintGeometry>
</Coincident>
<Concentric name="Concentric2">
<ConstraintGeometry geomType="cylinder">
<InstancePath>
<Uid>Link_T-1</Uid>
</InstancePath>
<Position>0 0.01999999999999999 0</Position>
<Axis>0 -1 0</Axis>
</ConstraintGeometry>
<ConstraintGeometry geomType="cylinder">
<InstancePath>
<Uid>Pin_Long-1</Uid>
</InstancePath>
<Position>0 0.17000000000000001 0</Position>
<Axis>0 -1 0</Axis>
</ConstraintGeometry>
</Concentric>
<Coincident name="Coincident2">
<ConstraintGeometry geomType="plane">
<InstancePath>
<Uid>Link_T-1</Uid>
</InstancePath>
<Position>0 0.01999999999999999 0</Position>
<Axis>0 1 0</Axis>
</ConstraintGeometry>
<ConstraintGeometry geomType="plane">
<InstancePath>
<Uid>Pin_Long-1</Uid>
</InstancePath>
<Position>0 0.17000000000000001 0</Position>
<Axis>0 1 0</Axis>
</ConstraintGeometry>
</Coincident>
<Concentric name="Concentric3">
<ConstraintGeometry geomType="cylinder">
<InstancePath>
<Uid>Link_T-1</Uid>
</InstancePath>
<Position>0.074999999999999997 0.055974854075425184 -0.030000000000000002</Position>
<Axis>0 0 1.0000000000000002</Axis>
</ConstraintGeometry>
<ConstraintGeometry geomType="cylinder">
<InstancePath>
<Uid>Link_Long-1</Uid>
</InstancePath>
<Position>-0.15000000000000005 0 0.059999999999999991</Position>
<Axis>0 1.1102230246251565e-16 -1</Axis>
</ConstraintGeometry>
</Concentric>
<Coincident name="Coincident4">
<ConstraintGeometry geomType="plane">
<InstancePath>
<Uid>Link_T-1</Uid>
</InstancePath>
<Position>0.074999999999999983 0.055974854075425184 0</Position>
<Axis>0 0 1.0000000000000002</Axis>
</ConstraintGeometry>
<ConstraintGeometry geomType="plane">
<InstancePath>
<Uid>Link_Long-1</Uid>
</InstancePath>
<Position>0 0 0.030000000000000006</Position>
<Axis>0 1.1102230246251565e-16 -1</Axis>
</ConstraintGeometry>
</Coincident>
<Concentric name="Concentric4">
<ConstraintGeometry geomType="cylinder">
<InstancePath>
<Uid>Link_Long-1</Uid>
</InstancePath>
<Position>-0.15000000000000005 0 0.059999999999999991</Position>
<Axis>0 1.1102230246251565e-16 -1</Axis>
</ConstraintGeometry>
<ConstraintGeometry geomType="cylinder">
<InstancePath>
<Uid>Pin_Short-1</Uid>
</InstancePath>
<Position>0 0.059999999999999991 0</Position>
<Axis>0 -1 0</Axis>
</ConstraintGeometry>
</Concentric>
<Coincident name="Coincident5">
<ConstraintGeometry geomType="plane">
<InstancePath>
<Uid>Link_Long-1</Uid>
</InstancePath>
<Position>0.15000000000000002 0 0.059999999999999998</Position>
<Axis>0 -1.1102230246251565e-16 1</Axis>
</ConstraintGeometry>
<ConstraintGeometry geomType="plane">
<InstancePath>
<Uid>Pin_Short-1</Uid>
</InstancePath>
<Position>0 0 0</Position>
<Axis>0 -1 0</Axis>
</ConstraintGeometry>
</Coincident>
<Concentric name="Concentric5">
<ConstraintGeometry geomType="cylinder">
<InstancePath>
<Uid>Link_Long-1</Uid>
</InstancePath>
<Position>0.15000000000000002 0 0.059999999999999998</Position>
<Axis>0 1.1102230246251565e-16 -1</Axis>
</ConstraintGeometry>
<ConstraintGeometry geomType="cylinder">
<InstancePath>
<Uid>Link_Half-1</Uid>
</InstancePath>
<Position>-0.14999999999999991 0 0.059999999999999977</Position>
<Axis>0 0 -1</Axis>
</ConstraintGeometry>
</Concentric>
<Coincident name="Coincident7">
<ConstraintGeometry geomType="plane">
<InstancePath>
<Uid>Link_Long-1</Uid>
</InstancePath>
<Position>0 0 0.030000000000000006</Position>
<Axis>0 1.1102230246251565e-16 -1</Axis>
</ConstraintGeometry>
<ConstraintGeometry geomType="plane">
<InstancePath>
<Uid>Link_Half-1</Uid>
</InstancePath>
<Position>1.1102230246251565e-16 0 0.029999999999999992</Position>
<Axis>0 0 -1</Axis>
</ConstraintGeometry>
</Coincident>
<Concentric name="Concentric6">
<ConstraintGeometry geomType="cylinder">
<InstancePath>
<Uid>Link_Long-1</Uid>
</InstancePath>
<Position>0.15000000000000002 0 0.059999999999999998</Position>
<Axis>0 1.1102230246251565e-16 -1</Axis>
</ConstraintGeometry>
<ConstraintGeometry geomType="cylinder">
<InstancePath>
<Uid>Pin_Short-2</Uid>
</InstancePath>
<Position>0 0.060000000000000005 0</Position>
<Axis>0 -1.0000000000000002 0</Axis>
</ConstraintGeometry>
</Concentric>
<Coincident name="Coincident8">
<ConstraintGeometry geomType="plane">
<InstancePath>
<Uid>Link_Long-1</Uid>
</InstancePath>
<Position>0.15000000000000002 0 0.059999999999999998</Position>
<Axis>0 -1.1102230246251565e-16 1</Axis>
</ConstraintGeometry>
<ConstraintGeometry geomType="plane">
<InstancePath>
<Uid>Pin_Short-2</Uid>
</InstancePath>
<Position>0 0 0</Position>
<Axis>0 -1.0000000000000002 0</Axis>
</ConstraintGeometry>
</Coincident>
<Concentric name="Concentric7">
<ConstraintGeometry geomType="cylinder">
<InstancePath>
<Uid>Pin_Short-5</Uid>
</InstancePath>
<Position>0 0.060000000000000053 0</Position>
<Axis>0 -0.99999999999999978 -1.1102230246251565e-16</Axis>
</ConstraintGeometry>
<ConstraintGeometry geomType="cylinder">
<InstancePath>
<Uid>Link_Half-1</Uid>
</InstancePath>
<Position>-0.029999999999999805 0 0.029999999999999992</Position>
<Axis>1 0 0</Axis>
</ConstraintGeometry>
</Concentric>
<Coincident name="Coincident9">
<ConstraintGeometry geomType="plane">
<InstancePath>
<Uid>Pin_Short-5</Uid>
</InstancePath>
<Position>0 0 0</Position>
<Axis>0 -0.99999999999999978 -1.1102230246251565e-16</Axis>
</ConstraintGeometry>
<ConstraintGeometry geomType="plane">
<InstancePath>
<Uid>Link_Half-1</Uid>
</InstancePath>
<Position>-0.029999999999999805 0 0.029999999999999992</Position>
<Axis>1 0 0</Axis>
</ConstraintGeometry>
</Coincident>
<Concentric name="Concentric8">
<ConstraintGeometry geomType="cylinder">
<InstancePath>
<Uid>Pin_Short-5</Uid>
</InstancePath>
<Position>0 0.060000000000000053 0</Position>
<Axis>0 -0.99999999999999978 -1.1102230246251565e-16</Axis>
</ConstraintGeometry>
<ConstraintGeometry geomType="cylinder">
<InstancePath>
<Uid>Link_Half-2</Uid>
</InstancePath>
<Position>-0.029999999999999916 0 0.029999999999999971</Position>
<Axis>1.0000000000000002 -1.3877787807814457e-16 0</Axis>
</ConstraintGeometry>
</Concentric>
<Coincident name="Coincident11">
<ConstraintGeometry geomType="plane">
<InstancePath>
<Uid>Pin_Short-5</Uid>
</InstancePath>
<Position>0 0.060000000000000053 0</Position>
<Axis>0 0.99999999999999978 1.1102230246251565e-16</Axis>
</ConstraintGeometry>
<ConstraintGeometry geomType="plane">
<InstancePath>
<Uid>Link_Half-2</Uid>
</InstancePath>
<Position>-0.029999999999999916 0 0.029999999999999971</Position>
<Axis>1.0000000000000002 -1.3877787807814457e-16 0</Axis>
</ConstraintGeometry>
</Coincident>
<Concentric name="Concentric9">
<ConstraintGeometry geomType="cylinder">
<InstancePath>
<Uid>Link_Half-2</Uid>
</InstancePath>
<Position>-0.15000000000000002 0 0.059999999999999942</Position>
<Axis>0 0 -1</Axis>
</ConstraintGeometry>
<ConstraintGeometry geomType="cylinder">
<InstancePath>
<Uid>Link_End-1</Uid>
</InstancePath>
<Position>-0.080000000000000016 -1.1102230246251565e-16 0.060000000000000026</Position>
<Axis>0 0 -1</Axis>
</ConstraintGeometry>
</Concentric>
<Coincident name="Coincident13">
<ConstraintGeometry geomType="plane">
<InstancePath>
<Uid>Link_Half-2</Uid>
</InstancePath>
<Position>0 0 0.030000000000000027</Position>
<Axis>0 0 -1</Axis>
</ConstraintGeometry>
<ConstraintGeometry geomType="plane">
<InstancePath>
<Uid>Link_End-1</Uid>
</InstancePath>
<Position>0 0 0.029999999999999971</Position>
<Axis>0 0 -1</Axis>
</ConstraintGeometry>
</Coincident>
<Concentric name="Concentric10">
<ConstraintGeometry geomType="cylinder">
<InstancePath>
<Uid>Pin_Short-3</Uid>
</InstancePath>
<Position>0 0.05999999999999997 1.1102230246251565e-16</Position>
<Axis>1.1102230246251565e-16 -1.0000000000000002 0</Axis>
</ConstraintGeometry>
<ConstraintGeometry geomType="cylinder">
<InstancePath>
<Uid>Link_End-1</Uid>
</InstancePath>
<Position>-0.080000000000000016 -1.1102230246251565e-16 0.060000000000000026</Position>
<Axis>0 0 -1</Axis>
</ConstraintGeometry>
</Concentric>
<Coincident name="Coincident14">
<ConstraintGeometry geomType="plane">
<InstancePath>
<Uid>Pin_Short-3</Uid>
</InstancePath>
<Position>0 0.05999999999999997 1.1102230246251565e-16</Position>
<Axis>-1.1102230246251565e-16 1.0000000000000002 0</Axis>
</ConstraintGeometry>
<ConstraintGeometry geomType="plane">
<InstancePath>
<Uid>Link_End-1</Uid>
</InstancePath>
<Position>-0.080000000000000016 -1.1102230246251565e-16 0.060000000000000026</Position>
<Axis>0 0 1</Axis>
</ConstraintGeometry>
</Coincident>
<Concentric name="Concentric11">
<ConstraintGeometry geomType="cylinder">
<InstancePath>
<Uid>Pin_Short-4</Uid>
</InstancePath>
<Position>1.1102230246251565e-16 0.060000000000000026 0</Position>
<Axis>0 -1.0000000000000002 1.1102230246251565e-16</Axis>
</ConstraintGeometry>
<ConstraintGeometry geomType="cylinder">
<InstancePath>
<Uid>Link_End-1</Uid>
</InstancePath>
<Position>-0.030000000000000013 0 0.030000000000000027</Position>
<Axis>1 0 0</Axis>
</ConstraintGeometry>
</Concentric>
<Coincident name="Coincident16">
<ConstraintGeometry geomType="plane">
<InstancePath>
<Uid>Pin_Short-4</Uid>
</InstancePath>
<Position>1.1102230246251565e-16 0.060000000000000026 0</Position>
<Axis>0 1.0000000000000002 -1.1102230246251565e-16</Axis>
</ConstraintGeometry>
<ConstraintGeometry geomType="plane">
<InstancePath>
<Uid>Link_End-1</Uid>
</InstancePath>
<Position>-0.030000000000000013 0 0.030000000000000027</Position>
<Axis>1 0 0</Axis>
</ConstraintGeometry>
</Coincident>
<Concentric name="Concentric12">
<ConstraintGeometry geomType="cylinder">
<InstancePath>
<Uid>Pin_Short-4</Uid>
</InstancePath>
<Position>1.1102230246251565e-16 0.060000000000000026 0</Position>
<Axis>0 -1.0000000000000002 1.1102230246251565e-16</Axis>
</ConstraintGeometry>
<ConstraintGeometry geomType="cylinder">
<InstancePath>
<Uid>Tool-1</Uid>
</InstancePath>
<Position>0 0.042000000000000023 1.1102230246251565e-16</Position>
<Axis>0 1 0</Axis>
</ConstraintGeometry>
</Concentric>
<Coincident name="Coincident17">
<ConstraintGeometry geomType="plane">
<InstancePath>
<Uid>Pin_Short-4</Uid>
</InstancePath>
<Position>0 0 0</Position>
<Axis>0 -1.0000000000000002 1.1102230246251565e-16</Axis>
</ConstraintGeometry>
<ConstraintGeometry geomType="plane">
<InstancePath>
<Uid>Tool-1</Uid>
</InstancePath>
<Position>0 0.030000000000000027 -1.1102230246251565e-16</Position>
<Axis>0 -1 0</Axis>
</ConstraintGeometry>
</Coincident>
</Constraints>
</RootAssembly>
<Assemblies>
</Assemblies>
<Parts>
<Part name="Base" uid="Base*:*Default" version="142">
<ModelUnits mass="kilogram" length="millimeter"/>
<PartFile name="Base.SLDPRT" type="SolidWorks Part"/>
<MassProperties>
<Mass>21.599034878215306</Mass>
<CenterOfMass>6.7127860834778723e-15 0.062424166873529106 0</CenterOfMass>
<Inertia>0.092505466485394608 0.095936642336292011 0.092505457688296877 0 -1.2268750342851076e-09 7.3087987146432726e-15</Inertia>
</MassProperties>
<GeometryFile name="Base_Default_sldprt.STEP" type="STEP"/>
<VisualProperties>
<Ambient r="0.20000000000000001" g="0.20000000000000001" b="0.20000000000000001" a="1"/>
<Diffuse r="0.20000000000000001" g="0.20000000000000001" b="0.20000000000000001" a="1"/>
<Specular r="0.10000000000000001" g="0.10000000000000001" b="0.10000000000000001" a="1"/>
<Emissive r="0" g="0" b="0" a="1"/>
<Shininess>0.3125</Shininess>
</VisualProperties>
</Part>
<Part name="Link_End" uid="Link_End*:*Default" version="197">
<ModelUnits mass="kilogram" length="millimeter"/>
<PartFile name="Link_End.SLDPRT" type="SolidWorks Part"/>
<MassProperties>
<Mass>1.6803721680686401</Mass>
<CenterOfMass>-0.042999491183751529 -9.3589887199257356e-11 0.03739620184059339</CenterOfMass>
<Inertia>0.00093290336376987198 0.0019662620119085929 0.0020399660337082131 -1.9836567162103869e-11 0.00031861780024278267 3.0923462714043588e-11</Inertia>
</MassProperties>
<GeometryFile name="Link_End_Default_sldprt.STEP" type="STEP"/>
<VisualProperties>
<Ambient r="0.20000000000000001" g="0.20000000000000001" b="0.20000000000000001" a="1"/>
<Diffuse r="0.20000000000000001" g="0.20000000000000001" b="0.20000000000000001" a="1"/>
<Specular r="0.10000000000000001" g="0.10000000000000001" b="0.10000000000000001" a="1"/>
<Emissive r="0" g="0" b="0" a="1"/>
<Shininess>0.3125</Shininess>
</VisualProperties>
</Part>
<Part name="Link_Half" uid="Link_Half*:*Default" version="177">
<ModelUnits mass="kilogram" length="millimeter"/>
<PartFile name="Link_Half.SLDPRT" type="SolidWorks Part"/>
<MassProperties>
<Mass>3.5182179295131291</Mass>
<CenterOfMass>-0.073652182307918493 -3.6476619306293411e-10 0.033532576083713322</CenterOfMass>
<Inertia>0.0020816167144233734 0.0084267217064216988 0.008452407317022485 -2.280337935065933e-11 0.00080764079168203968 7.2137333915947102e-12</Inertia>
</MassProperties>
<GeometryFile name="Link_Half_Default_sldprt.STEP" type="STEP"/>
<VisualProperties>
<Ambient r="0.20000000000000001" g="0.20000000000000001" b="0.20000000000000001" a="1"/>
<Diffuse r="0.20000000000000001" g="0.20000000000000001" b="0.20000000000000001" a="1"/>
<Specular r="0.10000000000000001" g="0.10000000000000001" b="0.10000000000000001" a="1"/>
<Emissive r="0" g="0" b="0" a="1"/>
<Shininess>0.3125</Shininess>
</VisualProperties>
</Part>
<Part name="Link_Long" uid="Link_Long*:*Default" version="167">
<ModelUnits mass="kilogram" length="millimeter"/>
<PartFile name="Link_Long.SLDPRT" type="SolidWorks Part"/>
<MassProperties>
<Mass>7.176968309420702</Mass>
<CenterOfMass>0 0 0.033463404845440171</CenterOfMass>
<Inertia>0.0041752258407352968 0.055071747620313811 0.055121399897854362 -3.8225931343014917e-11 0 7.4549439428310077e-10</Inertia>
</MassProperties>
<GeometryFile name="Link_Long_Default_sldprt.STEP" type="STEP"/>
<VisualProperties>
<Ambient r="0.20000000000000001" g="0.20000000000000001" b="0.20000000000000001" a="1"/>
<Diffuse r="0.20000000000000001" g="0.20000000000000001" b="0.20000000000000001" a="1"/>
<Specular r="0.10000000000000001" g="0.10000000000000001" b="0.10000000000000001" a="1"/>
<Emissive r="0" g="0" b="0" a="1"/>
<Shininess>0.3125</Shininess>
</VisualProperties>
</Part>
<Part name="Link_T" uid="Link_T*:*Default" version="229">
<ModelUnits mass="kilogram" length="millimeter"/>
<PartFile name="Link_T.SLDPRT" type="SolidWorks Part"/>
<MassProperties>
<Mass>3.4159587759301586</Mass>
<CenterOfMass>0.013593227547346914 0.016399709269596018 -0.0029607721475983211</CenterOfMass>
<Inertia>0.0057223691144478138 0.012283975500439219 0.0083432772210285285 0.0002631913152132925 0.00056375767331435958 -0.0012442691764619482</Inertia>
</MassProperties>
<GeometryFile name="Link_T_Default_sldprt.STEP" type="STEP"/>
<VisualProperties>
<Ambient r="0.20000000000000001" g="0.20000000000000001" b="0.20000000000000001" a="1"/>
<Diffuse r="0.20000000000000001" g="0.20000000000000001" b="0.20000000000000001" a="1"/>
<Specular r="0.10000000000000001" g="0.10000000000000001" b="0.10000000000000001" a="1"/>
<Emissive r="0" g="0" b="0" a="1"/>
<Shininess>0.3125</Shininess>
</VisualProperties>
</Part>
<Part name="Pin_Long" uid="Pin_Long*:*Default" version="136">
<ModelUnits mass="kilogram" length="millimeter"/>
<PartFile name="Pin_Long.SLDPRT" type="SolidWorks Part"/>
<MassProperties>
<Mass>1.5594865932419737</Mass>
<CenterOfMass>0 0.084999999999999992 0</CenterOfMass>
<Inertia>0.003911712204715285 0.00031189731864839472 0.003911712204715285 0 0 0</Inertia>
</MassProperties>
<GeometryFile name="Pin_Long_Default_sldprt.STEP" type="STEP"/>
<VisualProperties>
<Ambient r="0.6470588235294118" g="0.61960784313725492" b="0.58823529411764708" a="1"/>
<Diffuse r="0.6470588235294118" g="0.61960784313725492" b="0.58823529411764708" a="1"/>
<Specular r="0.45294117647058824" g="0.43372549019607842" b="0.41176470588235292" a="1"/>
<Emissive r="0" g="0" b="0" a="1"/>
<Shininess>0.3125</Shininess>
</VisualProperties>
</Part>
<Part name="Pin_Short" uid="Pin_Short*:*Default" version="137">
<ModelUnits mass="kilogram" length="millimeter"/>
<PartFile name="Pin_Short.SLDPRT" type="SolidWorks Part"/>
<MassProperties>
<Mass>0.13760175822723295</Mass>
<CenterOfMass>0 0.029999999999999995 0</CenterOfMass>
<Inertia>4.47205714238507e-05 6.8800879113616495e-06 4.47205714238507e-05 0 0 0</Inertia>
</MassProperties>
<GeometryFile name="Pin_Short_Default_sldprt.STEP" type="STEP"/>
<VisualProperties>
<Ambient r="0.6470588235294118" g="0.61960784313725492" b="0.58823529411764708" a="1"/>
<Diffuse r="0.6470588235294118" g="0.61960784313725492" b="0.58823529411764708" a="1"/>
<Specular r="0.45294117647058824" g="0.43372549019607842" b="0.41176470588235292" a="1"/>
<Emissive r="0" g="0" b="0" a="1"/>
<Shininess>0.3125</Shininess>
</VisualProperties>
</Part>
<Part name="Tool" uid="Tool*:*Default" version="195">
<ModelUnits mass="kilogram" length="millimeter"/>
<PartFile name="Tool.SLDPRT" type="SolidWorks Part"/>
<MassProperties>
<Mass>0.30190397229973753</Mass>
<CenterOfMass>-8.3791123862344397e-05 0.026818235326408053 0</CenterOfMass>
<Inertia>0.0001610003205817994 5.0931196034307986e-05 0.00016118122918006413 0 0 2.2099178913518634e-06</Inertia>
</MassProperties>
<GeometryFile name="Tool_Default_sldprt.STEP" type="STEP"/>
<VisualProperties>
<Ambient r="0.89803921568627454" g="0.89803921568627454" b="0.89803921568627454" a="1"/>
<Diffuse r="0.89803921568627454" g="0.89803921568627454" b="0.89803921568627454" a="1"/>
<Specular r="0.62862745098039219" g="0.62862745098039219" b="0.62862745098039219" a="1"/>
<Emissive r="0" g="0" b="0" a="1"/>
<Shininess>0.3125</Shininess>
</VisualProperties>
</Part>
</Parts>
</SimscapeMultibodyImportXML>
