<?xml version="1.0" encoding="UTF-8" standalone="no" ?>
<SimMechanicsImportXML version="1.0" xmlns="urn:mathworks:simmechanics:import" xmlns:xsi="http://www.w3.org/2001/XMLSchema-instance">
<Created by="" on="10/30/23||20:39:24" using="SimMechanics Link Version 4.4" from="SolidWorks 26.4.0"/>
<ModelUnits mass="kilogram" length="millimeter"/>
<DataUnits mass="kilogram" length="meter"/>
<RootAssembly name="Assem3" uid="Assem3" version="195">
<AssemblyFile name="Assem3.SLDASM" type="SolidWorks Assembly"/>
<InstanceTree>
<Instance name="Pin_Long-1" uid="Pin_Long-1" entityUid="Pin_Long*:*Default">
<Transform>
<Rotation>1 0 0 0 1 0 0 0 1</Rotation>
<Translation>0 0 0</Translation>
</Transform>
</Instance>
<Instance name="Base-1" uid="Base-1" grounded="true" entityUid="Base*:*Default">
<Transform>
<Rotation>1 0 0 0 1 0 0 0 1</Rotation>
<Translation>0 0 0</Translation>
</Transform>
</Instance>
<Instance name="Link_T-1" uid="Link_T-1" entityUid="Link_T*:*Default">
<Transform>
<Rotation>0.86602540378443826 0 0.500000000000001 0 1 0 -0.500000000000001 0 0.86602540378443826</Rotation>
<Translation>0 0.14999999999999999 0</Translation>
</Transform>
</Instance>
<Instance name="Pin_Short-2" uid="Pin_Short-2" entityUid="Pin_Short*:*Default">
<Transform>
<Rotation>0.74999999999999889 -0.50000000000000111 -0.43301270189222008 0.500000000000001 -1.7920983462342274e-016 0.86602540378443815 -0.43301270189222002 -0.86602540378443815 0.25000000000000094</Rotation>
<Translation>0.16881134510163928 0.48788264031119788 -0.062822259385317047</Translation>
</Transform>
</Instance>
<Instance name="Pin_Short-3" uid="Pin_Short-3" entityUid="Pin_Short*:*Default">
<Transform>
<Rotation>0.92013467198633392 0.32174724402994498 -0.22322835027777457 -0.32174724402994509 0.29619813272601758 -0.89930271718079191 -0.22322835027777455 0.89930271718079191 0.37606346073968366</Rotation>
<Translation>0.36915892778073967 0.6289966963294199 -0.24568591358193953</Translation>
</Transform>
</Instance>
<Instance name="Pin_Short-4" uid="Pin_Short-4" entityUid="Pin_Short*:*Default">
<Transform>
<Rotation>0.69891385934672101 -0.69936531065504315 -0.14969161454619606 0.67935824124297761 0.71461017714275432 -0.16674733814741891 0.22358845513201334 0.01484779365347973 0.97457054426824508</Rotation>
<Translation>0.45574152927369299 0.55927552082549725 -0.22034008936839827</Translation>
</Transform>
</Instance>
<Instance name="Pin_Short-1" uid="Pin_Short-1" entityUid="Pin_Short*:*Default">
<Transform>
<Rotation>0.74999999999999911 -0.500000000000001 -0.43301270189221996 0.500000000000001 0 0.86602540378443815 -0.43301270189221996 -0.86602540378443815 0.250000000000001</Rotation>
<Translation>0.079951905283832891 0.20597485407542521 -0.011519237886466915</Translation>
</Transform>
</Instance>
<Instance name="Link_Half-1" uid="Link_Half-1" entityUid="Link_Half*:*Default">
<Transform>
<Rotation>0.74999999999999545 0.4330127018922254 -0.50000000000000133 0.50000000000000733 -0.86602540378443438 -1.9428902930940239e-016 -0.43301270189221841 -0.25000000000000427 -0.86602540378443771</Rotation>
<Translation>0.28131134510163858 0.56288264031119906 -0.1277741646691497</Translation>
</Transform>
</Instance>
<Instance name="Link_Long-1" uid="Link_Long-1" entityUid="Link_Long*:*Default">
<Transform>
<Rotation>0.29619813272602102 -0.81379768134937414 0.500000000000001 0.93969262078590921 0.34202014332566599 1.7920983462342269e-016 -0.17101007166283361 0.4698463103929556 0.86602540378443793</Rotation>
<Translation>0.094381625192736018 0.34692874719331157 -0.089132272862958245</Translation>
</Transform>
</Instance>
<Instance name="Tool-1" uid="Tool-1" entityUid="Tool*:*Default">
<Transform>
<Rotation>0.39186967727379429 0.69936531065504248 -0.59776777956469673 0.4007171329881179 -0.71461017714275465 -0.5733742879252467 -0.82816902584141328 -0.014847793653480507 -0.56028172169053336</Rotation>
<Translation>0.43476056995404122 0.58071382613977984 -0.2198946555587942</Translation>
</Transform>
</Instance>
<Instance name="Link_End-1" uid="Link_End-1" entityUid="Link_End*:*Default">
<Transform>
<Rotation>0.69936531065504304 0.63825298527426422 0.3217472440299452 -0.71461017714275454 0.63371836086200117 0.29619813272601747 -0.014847793653479803 -0.43707455416080704 0.89930271718079202</Rotation>
<Translation>0.42510815263314317 0.57182788215799951 -0.24687373707421795</Translation>
</Transform>
</Instance>
<Instance name="Pin_Short-5" uid="Pin_Short-5" entityUid="Pin_Short*:*Default">
<Transform>
<Rotation>-0.16904977626734824 0.74999999999999567 -0.6394702285047883 0.77781119434227119 0.50000000000000744 0.38080145214513322 0.60533620336124705 -0.43301270189221852 -0.66788328389037543</Rotation>
<Translation>0.24381134510163865 0.54788264031119882 -0.14076454572591637</Translation>
</Transform>
</Instance>
<Instance name="Link_Half-2" uid="Link_Half-2" entityUid="Link_Half*:*Default">
<Transform>
<Rotation>-0.74999999999999523 -0.57790891233752562 -0.32174724402994498 -0.50000000000000755 0.81379768134937125 -0.29619813272601758 0.43301270189221863 -0.061274977529536853 -0.89930271718079169</Rotation>
<Translation>0.27596376242253695 0.57176858429297961 -0.12677584526725916</Translation>
</Transform>
</Instance>
</InstanceTree>
<Constraints>
<Concentric name="Concentric1">
<ConstraintGeometry geomType="cylinder">
<InstancePath>
<Uid>Base-1</Uid>
</InstancePath>
<Position>0 0.14999999999999999 0</Position>
<Axis>0 -1 0</Axis>
</ConstraintGeometry>
<ConstraintGeometry geomType="cylinder">
<InstancePath>
<Uid>Link_T-1</Uid>
</InstancePath>
<Position>0 0.01999999999999999 0</Position>
<Axis>0 -1 0</Axis>
</ConstraintGeometry>
</Concentric>
<Coincident name="Coincident1">
<ConstraintGeometry geomType="plane">
<InstancePath>
<Uid>Base-1</Uid>
</InstancePath>
<Position>0 0.14999999999999999 0</Position>
<Axis>0 1 0</Axis>
</ConstraintGeometry>
<ConstraintGeometry geomType="plane">
<InstancePath>
<Uid>Link_T-1</Uid>
</InstancePath>
<Position>0 0 0</Position>
<Axis>0 -1 0</Axis>
</ConstraintGeometry>
</Coincident>
<Concentric name="Concentric2">
<ConstraintGeometry geomType="cylinder">
<InstancePath>
<Uid>Link_T-1</Uid>
</InstancePath>
<Position>0 0.01999999999999999 0</Position>
<Axis>0 -1 0</Axis>
</ConstraintGeometry>
<ConstraintGeometry geomType="cylinder">
<InstancePath>
<Uid>Pin_Long-1</Uid>
</InstancePath>
<Position>0 0.17000000000000001 0</Position>
<Axis>0 -1 0</Axis>
</ConstraintGeometry>
</Concentric>
<Coincident name="Coincident2">
<ConstraintGeometry geomType="plane">
<InstancePath>
<Uid>Link_T-1</Uid>
</InstancePath>
<Position>0 0.01999999999999999 0</Position>
<Axis>0 1 0</Axis>
</ConstraintGeometry>
<ConstraintGeometry geomType="plane">
<InstancePath>
<Uid>Pin_Long-1</Uid>
</InstancePath>
<Position>0 0.17000000000000001 0</Position>
<Axis>0 1 0</Axis>
</ConstraintGeometry>
</Coincident>
<Angle name="Angle1">
<ConstraintGeometry geomType="plane">
<InstancePath>
<Uid>Link_T-1</Uid>
</InstancePath>
<Position>0 0 0</Position>
<Axis>0 0 1</Axis>
</ConstraintGeometry>
<ConstraintGeometry geomType="plane">
<InstancePath>
<Uid>Base-1</Uid>
</InstancePath>
<Position>0 0 0</Position>
<Axis>0 0 1</Axis>
</ConstraintGeometry>
</Angle>
<Concentric name="Concentric3">
<ConstraintGeometry geomType="cylinder">
<InstancePath>
<Uid>Link_T-1</Uid>
</InstancePath>
<Position>0.075000000000000011 0.055974854075425212 -0.030000000000000006</Position>
<Axis>0 0 1</Axis>
</ConstraintGeometry>
<ConstraintGeometry geomType="cylinder">
<InstancePath>
<Uid>Link_Long-1</Uid>
</InstancePath>
<Position>-0.15000000000000002 0 0.060000000000000012</Position>
<Axis>0 0 -1.0000000000000002</Axis>
</ConstraintGeometry>
</Concentric>
<Coincident name="Coincident4">
<ConstraintGeometry geomType="plane">
<InstancePath>
<Uid>Link_T-1</Uid>
</InstancePath>
<Position>0.075000000000000011 0.055974854075425212 0</Position>
<Axis>0 0 1</Axis>
</ConstraintGeometry>
<ConstraintGeometry geomType="plane">
<InstancePath>
<Uid>Link_Long-1</Uid>
</InstancePath>
<Position>0 0 0.029999999999999992</Position>
<Axis>0 0 -1.0000000000000002</Axis>
</ConstraintGeometry>
</Coincident>
<Concentric name="Concentric4">
<ConstraintGeometry geomType="cylinder">
<InstancePath>
<Uid>Link_Long-1</Uid>
</InstancePath>
<Position>-0.15000000000000002 0 0.060000000000000012</Position>
<Axis>0 0 -1.0000000000000002</Axis>
</ConstraintGeometry>
<ConstraintGeometry geomType="cylinder">
<InstancePath>
<Uid>Pin_Short-1</Uid>
</InstancePath>
<Position>0 0.060000000000000012 0</Position>
<Axis>0 -1 0</Axis>
</ConstraintGeometry>
</Concentric>
<Coincident name="Coincident5">
<ConstraintGeometry geomType="plane">
<InstancePath>
<Uid>Link_Long-1</Uid>
</InstancePath>
<Position>0.14999999999999991 0 0.059999999999999977</Position>
<Axis>0 0 1.0000000000000002</Axis>
</ConstraintGeometry>
<ConstraintGeometry geomType="plane">
<InstancePath>
<Uid>Pin_Short-1</Uid>
</InstancePath>
<Position>0 0 0</Position>
<Axis>0 -1 0</Axis>
</ConstraintGeometry>
</Coincident>
<Angle name="Angle2">
<ConstraintGeometry geomType="plane">
<InstancePath>
<Uid>Link_T-1</Uid>
</InstancePath>
<Position>0 0 0</Position>
<Axis>0 1 0</Axis>
</ConstraintGeometry>
<ConstraintGeometry geomType="plane">
<InstancePath>
<Uid>Link_Long-1</Uid>
</InstancePath>
<Position>0 0 0</Position>
<Axis>1.2490009027033011e-016 1 0</Axis>
</ConstraintGeometry>
</Angle>
<Concentric name="Concentric5">
<ConstraintGeometry geomType="cylinder">
<InstancePath>
<Uid>Link_Long-1</Uid>
</InstancePath>
<Position>0.14999999999999991 0 0.059999999999999977</Position>
<Axis>0 0 -1.0000000000000002</Axis>
</ConstraintGeometry>
<ConstraintGeometry geomType="cylinder">
<InstancePath>
<Uid>Link_Half-1</Uid>
</InstancePath>
<Position>-0.14999999999999986 0 0.059999999999999998</Position>
<Axis>0 0 -1</Axis>
</ConstraintGeometry>
</Concentric>
<Coincident name="Coincident7">
<ConstraintGeometry geomType="plane">
<InstancePath>
<Uid>Link_Long-1</Uid>
</InstancePath>
<Position>0 0 0.029999999999999992</Position>
<Axis>0 0 -1.0000000000000002</Axis>
</ConstraintGeometry>
<ConstraintGeometry geomType="plane">
<InstancePath>
<Uid>Link_Half-1</Uid>
</InstancePath>
<Position>1.1102230246251565e-016 0 0.029999999999999985</Position>
<Axis>0 0 -1</Axis>
</ConstraintGeometry>
</Coincident>
<Concentric name="Concentric6">
<ConstraintGeometry geomType="cylinder">
<InstancePath>
<Uid>Link_Long-1</Uid>
</InstancePath>
<Position>0.14999999999999991 0 0.059999999999999977</Position>
<Axis>0 0 -1.0000000000000002</Axis>
</ConstraintGeometry>
<ConstraintGeometry geomType="cylinder">
<InstancePath>
<Uid>Pin_Short-2</Uid>
</InstancePath>
<Position>0 0.060000000000000026 0</Position>
<Axis>0 -1.0000000000000002 0</Axis>
</ConstraintGeometry>
</Concentric>
<Coincident name="Coincident8">
<ConstraintGeometry geomType="plane">
<InstancePath>
<Uid>Link_Long-1</Uid>
</InstancePath>
<Position>0.14999999999999991 0 0.059999999999999977</Position>
<Axis>0 0 1.0000000000000002</Axis>
</ConstraintGeometry>
<ConstraintGeometry geomType="plane">
<InstancePath>
<Uid>Pin_Short-2</Uid>
</InstancePath>
<Position>0 0 0</Position>
<Axis>0 -1.0000000000000002 0</Axis>
</ConstraintGeometry>
</Coincident>
<Concentric name="Concentric7">
<ConstraintGeometry geomType="cylinder">
<InstancePath>
<Uid>Pin_Short-5</Uid>
</InstancePath>
<Position>0 0.060000000000000053 0</Position>
<Axis>0 -1.0000000000000002 0</Axis>
</ConstraintGeometry>
<ConstraintGeometry geomType="cylinder">
<InstancePath>
<Uid>Link_Half-1</Uid>
</InstancePath>
<Position>-0.029999999999999916 0 0.030000000000000013</Position>
<Axis>0.99999999999999989 0 0</Axis>
</ConstraintGeometry>
</Concentric>
<Coincident name="Coincident9">
<ConstraintGeometry geomType="plane">
<InstancePath>
<Uid>Pin_Short-5</Uid>
</InstancePath>
<Position>0 0 0</Position>
<Axis>0 -1.0000000000000002 0</Axis>
</ConstraintGeometry>
<ConstraintGeometry geomType="plane">
<InstancePath>
<Uid>Link_Half-1</Uid>
</InstancePath>
<Position>-0.029999999999999916 0 0.030000000000000013</Position>
<Axis>0.99999999999999989 0 0</Axis>
</ConstraintGeometry>
</Coincident>
<Angle name="Angle3">
<ConstraintGeometry geomType="plane">
<InstancePath>
<Uid>Link_Long-1</Uid>
</InstancePath>
<Position>0 0 0</Position>
<Axis>1.2490009027033011e-016 1 0</Axis>
</ConstraintGeometry>
<ConstraintGeometry geomType="plane">
<InstancePath>
<Uid>Link_Half-1</Uid>
</InstancePath>
<Position>0 0 0</Position>
<Axis>0 1.0000000000000002 0</Axis>
</ConstraintGeometry>
</Angle>
<Concentric name="Concentric8">
<ConstraintGeometry geomType="cylinder">
<InstancePath>
<Uid>Pin_Short-5</Uid>
</InstancePath>
<Position>0 0.060000000000000053 0</Position>
<Axis>0 -1.0000000000000002 0</Axis>
</ConstraintGeometry>
<ConstraintGeometry geomType="cylinder">
<InstancePath>
<Uid>Link_Half-2</Uid>
</InstancePath>
<Position>-0.029999999999999916 0 0.029999999999999999</Position>
<Axis>0.99999999999999989 0 -1.1102230246251565e-016</Axis>
</ConstraintGeometry>
</Concentric>
<Coincident name="Coincident11">
<ConstraintGeometry geomType="plane">
<InstancePath>
<Uid>Pin_Short-5</Uid>
</InstancePath>
<Position>0 0.060000000000000053 0</Position>
<Axis>0 1.0000000000000002 0</Axis>
</ConstraintGeometry>
<ConstraintGeometry geomType="plane">
<InstancePath>
<Uid>Link_Half-2</Uid>
</InstancePath>
<Position>-0.029999999999999916 0 0.029999999999999999</Position>
<Axis>0.99999999999999989 0 -1.1102230246251565e-016</Axis>
</ConstraintGeometry>
</Coincident>
<Angle name="Angle4">
<ConstraintGeometry geomType="plane">
<InstancePath>
<Uid>Link_Half-1</Uid>
</InstancePath>
<Position>0 0 0</Position>
<Axis>0 1.0000000000000002 0</Axis>
</ConstraintGeometry>
<ConstraintGeometry geomType="plane">
<InstancePath>
<Uid>Link_Half-2</Uid>
</InstancePath>
<Position>0 0 0</Position>
<Axis>-1.2836953722228372e-016 0.99999999999999989 0</Axis>
</ConstraintGeometry>
</Angle>
<Concentric name="Concentric9">
<ConstraintGeometry geomType="cylinder">
<InstancePath>
<Uid>Link_Half-2</Uid>
</InstancePath>
<Position>-0.14999999999999991 0 0.059999999999999998</Position>
<Axis>0 0 -0.99999999999999978</Axis>
</ConstraintGeometry>
<ConstraintGeometry geomType="cylinder">
<InstancePath>
<Uid>Link_End-1</Uid>
</InstancePath>
<Position>-0.079999999999999974 0 0.060000000000000026</Position>
<Axis>0 0 -1.0000000000000002</Axis>
</ConstraintGeometry>
</Concentric>
<Coincident name="Coincident13">
<ConstraintGeometry geomType="plane">
<InstancePath>
<Uid>Link_Half-2</Uid>
</InstancePath>
<Position>0 0 0.029999999999999999</Position>
<Axis>0 0 -0.99999999999999978</Axis>
</ConstraintGeometry>
<ConstraintGeometry geomType="plane">
<InstancePath>
<Uid>Link_End-1</Uid>
</InstancePath>
<Position>0 0 0.030000000000000054</Position>
<Axis>0 0 -1.0000000000000002</Axis>
</ConstraintGeometry>
</Coincident>
<Concentric name="Concentric10">
<ConstraintGeometry geomType="cylinder">
<InstancePath>
<Uid>Pin_Short-3</Uid>
</InstancePath>
<Position>0 0.059999999999999998 -1.1102230246251565e-016</Position>
<Axis>0 -1 0</Axis>
</ConstraintGeometry>
<ConstraintGeometry geomType="cylinder">
<InstancePath>
<Uid>Link_End-1</Uid>
</InstancePath>
<Position>-0.079999999999999974 0 0.060000000000000026</Position>
<Axis>0 0 -1.0000000000000002</Axis>
</ConstraintGeometry>
</Concentric>
<Coincident name="Coincident14">
<ConstraintGeometry geomType="plane">
<InstancePath>
<Uid>Pin_Short-3</Uid>
</InstancePath>
<Position>0 0.059999999999999998 -1.1102230246251565e-016</Position>
<Axis>0 1 0</Axis>
</ConstraintGeometry>
<ConstraintGeometry geomType="plane">
<InstancePath>
<Uid>Link_End-1</Uid>
</InstancePath>
<Position>-0.079999999999999974 0 0.060000000000000026</Position>
<Axis>0 0 1.0000000000000002</Axis>
</ConstraintGeometry>
</Coincident>
<Angle name="Angle5">
<ConstraintGeometry geomType="plane">
<InstancePath>
<Uid>Link_Half-2</Uid>
</InstancePath>
<Position>0 0 0</Position>
<Axis>-1.2836953722228372e-016 0.99999999999999989 0</Axis>
</ConstraintGeometry>
<ConstraintGeometry geomType="plane">
<InstancePath>
<Uid>Link_End-1</Uid>
</InstancePath>
<Position>0 0 0</Position>
<Axis>0 1 -1.1102230246251565e-016</Axis>
</ConstraintGeometry>
</Angle>
<Concentric name="Concentric11">
<ConstraintGeometry geomType="cylinder">
<InstancePath>
<Uid>Pin_Short-4</Uid>
</InstancePath>
<Position>-1.1102230246251565e-016 0.060000000000000081 0</Position>
<Axis>0 -1 0</Axis>
</ConstraintGeometry>
<ConstraintGeometry geomType="cylinder">
<InstancePath>
<Uid>Link_End-1</Uid>
</InstancePath>
<Position>-0.029999999999999957 -1.1102230246251565e-016 0.030000000000000054</Position>
<Axis>1.0000000000000002 0 0</Axis>
</ConstraintGeometry>
</Concentric>
<Coincident name="Coincident16">
<ConstraintGeometry geomType="plane">
<InstancePath>
<Uid>Pin_Short-4</Uid>
</InstancePath>
<Position>-1.1102230246251565e-016 0.060000000000000081 0</Position>
<Axis>0 1 0</Axis>
</ConstraintGeometry>
<ConstraintGeometry geomType="plane">
<InstancePath>
<Uid>Link_End-1</Uid>
</InstancePath>
<Position>-0.029999999999999957 -1.1102230246251565e-016 0.030000000000000054</Position>
<Axis>1.0000000000000002 0 0</Axis>
</ConstraintGeometry>
</Coincident>
<Concentric name="Concentric12">
<ConstraintGeometry geomType="cylinder">
<InstancePath>
<Uid>Pin_Short-4</Uid>
</InstancePath>
<Position>-1.1102230246251565e-016 0.060000000000000081 0</Position>
<Axis>0 -1 0</Axis>
</ConstraintGeometry>
<ConstraintGeometry geomType="cylinder">
<InstancePath>
<Uid>Tool-1</Uid>
</InstancePath>
<Position>0 0.041999999999999968 0</Position>
<Axis>0 1.0000000000000002 0</Axis>
</ConstraintGeometry>
</Concentric>
<Coincident name="Coincident17">
<ConstraintGeometry geomType="plane">
<InstancePath>
<Uid>Pin_Short-4</Uid>
</InstancePath>
<Position>0 0 0</Position>
<Axis>0 -1 0</Axis>
</ConstraintGeometry>
<ConstraintGeometry geomType="plane">
<InstancePath>
<Uid>Tool-1</Uid>
</InstancePath>
<Position>-1.1102230246251565e-016 0.029999999999999916 0</Position>
<Axis>0 -1.0000000000000002 0</Axis>
</ConstraintGeometry>
</Coincident>
<Angle name="Angle6">
<ConstraintGeometry geomType="plane">
<InstancePath>
<Uid>Link_End-1</Uid>
</InstancePath>
<Position>0 0 0</Position>
<Axis>0 1 -1.1102230246251565e-016</Axis>
</ConstraintGeometry>
<ConstraintGeometry geomType="plane">
<InstancePath>
<Uid>Tool-1</Uid>
</InstancePath>
<Position>0 0 0</Position>
<Axis>1 0 0</Axis>
</ConstraintGeometry>
</Angle>
</Constraints>
</RootAssembly>
<Assemblies>
</Assemblies>
<Parts>
<Part name="Base" uid="Base*:*Default" version="142">
<ModelUnits mass="kilogram" length="millimeter"/>
<PartFile name="Base.SLDPRT" type="SolidWorks Part"/>
<MassProperties>
<Mass>21.599034878215306</Mass>
<CenterOfMass>6.7127860834778723e-015 0.062424166873529106 0</CenterOfMass>
<Inertia>0.092505466485394608 0.095936642336292011 0.092505457688296877 0 -1.2268750342851076e-009 7.3087987146432726e-015</Inertia>
</MassProperties>
<GeometryFile name="Base_Default_sldprt.STL" type="STL"/>
<VisualProperties>
<Ambient r="0.20000000000000001" g="0.20000000000000001" b="0.20000000000000001" a="1"/>
<Diffuse r="0.20000000000000001" g="0.20000000000000001" b="0.20000000000000001" a="1"/>
<Specular r="0.10000000000000001" g="0.10000000000000001" b="0.10000000000000001" a="1"/>
<Emissive r="0" g="0" b="0" a="1"/>
<Shininess>0.3125</Shininess>
</VisualProperties>
</Part>
<Part name="Link_End" uid="Link_End*:*Default" version="197">
<ModelUnits mass="kilogram" length="millimeter"/>
<PartFile name="Link_End.SLDPRT" type="SolidWorks Part"/>
<MassProperties>
<Mass>1.6803721680686401</Mass>
<CenterOfMass>-0.042999491183751529 -9.3589887177696351e-011 0.03739620184059339</CenterOfMass>
<Inertia>0.00093290336376987198 0.0019662620119085929 0.0020399660337082136 -1.9836567161498305e-011 0.00031861780024278267 3.0923462712497019e-011</Inertia>
</MassProperties>
<GeometryFile name="Link_End_Default_sldprt.STL" type="STL"/>
<VisualProperties>
<Ambient r="0.20000000000000001" g="0.20000000000000001" b="0.20000000000000001" a="1"/>
<Diffuse r="0.20000000000000001" g="0.20000000000000001" b="0.20000000000000001" a="1"/>
<Specular r="0.10000000000000001" g="0.10000000000000001" b="0.10000000000000001" a="1"/>
<Emissive r="0" g="0" b="0" a="1"/>
<Shininess>0.3125</Shininess>
</VisualProperties>
</Part>
<Part name="Link_Half" uid="Link_Half*:*Default" version="177">
<ModelUnits mass="kilogram" length="millimeter"/>
<PartFile name="Link_Half.SLDPRT" type="SolidWorks Part"/>
<MassProperties>
<Mass>3.5182179295131291</Mass>
<CenterOfMass>-0.073652182307918493 -3.6476619305606883e-010 0.033532576083713322</CenterOfMass>
<Inertia>0.0020816167144233734 0.0084267217064217022 0.0084524073170224884 -2.2803379350385304e-011 0.00080764079168203957 7.2137333904799696e-012</Inertia>
</MassProperties>
<GeometryFile name="Link_Half_Default_sldprt.STL" type="STL"/>
<VisualProperties>
<Ambient r="0.20000000000000001" g="0.20000000000000001" b="0.20000000000000001" a="1"/>
<Diffuse r="0.20000000000000001" g="0.20000000000000001" b="0.20000000000000001" a="1"/>
<Specular r="0.10000000000000001" g="0.10000000000000001" b="0.10000000000000001" a="1"/>
<Emissive r="0" g="0" b="0" a="1"/>
<Shininess>0.3125</Shininess>
</VisualProperties>
</Part>
<Part name="Link_Long" uid="Link_Long*:*Default" version="167">
<ModelUnits mass="kilogram" length="millimeter"/>
<PartFile name="Link_Long.SLDPRT" type="SolidWorks Part"/>
<MassProperties>
<Mass>7.176968309420702</Mass>
<CenterOfMass>0 0 0.033463404845440171</CenterOfMass>
<Inertia>0.0041752258407352968 0.055071747620313811 0.055121399897854362 -3.8225931343014917e-011 0 7.4549439428310077e-010</Inertia>
</MassProperties>
<GeometryFile name="Link_Long_Default_sldprt.STL" type="STL"/>
<VisualProperties>
<Ambient r="0.20000000000000001" g="0.20000000000000001" b="0.20000000000000001" a="1"/>
<Diffuse r="0.20000000000000001" g="0.20000000000000001" b="0.20000000000000001" a="1"/>
<Specular r="0.10000000000000001" g="0.10000000000000001" b="0.10000000000000001" a="1"/>
<Emissive r="0" g="0" b="0" a="1"/>
<Shininess>0.3125</Shininess>
</VisualProperties>
</Part>
<Part name="Link_T" uid="Link_T*:*Default" version="229">
<ModelUnits mass="kilogram" length="millimeter"/>
<PartFile name="Link_T.SLDPRT" type="SolidWorks Part"/>
<MassProperties>
<Mass>3.4159587759301586</Mass>
<CenterOfMass>0.013593227547346914 0.016399709269596018 -0.0029607721475983216</CenterOfMass>
<Inertia>0.0057223691144478138 0.012283975500439219 0.0083432772210285285 0.00026319131521329256 0.00056375767331435958 -0.0012442691764619482</Inertia>
</MassProperties>
<GeometryFile name="Link_T_Default_sldprt.STL" type="STL"/>
<VisualProperties>
<Ambient r="0.20000000000000001" g="0.20000000000000001" b="0.20000000000000001" a="1"/>
<Diffuse r="0.20000000000000001" g="0.20000000000000001" b="0.20000000000000001" a="1"/>
<Specular r="0.10000000000000001" g="0.10000000000000001" b="0.10000000000000001" a="1"/>
<Emissive r="0" g="0" b="0" a="1"/>
<Shininess>0.3125</Shininess>
</VisualProperties>
</Part>
<Part name="Pin_Long" uid="Pin_Long*:*Default" version="136">
<ModelUnits mass="kilogram" length="millimeter"/>
<PartFile name="Pin_Long.SLDPRT" type="SolidWorks Part"/>
<MassProperties>
<Mass>1.5594865932419735</Mass>
<CenterOfMass>0 0.085000000000000006 0</CenterOfMass>
<Inertia>0.003911712204715285 0.00031189731864839472 0.003911712204715285 0 0 0</Inertia>
</MassProperties>
<GeometryFile name="Pin_Long_Default_sldprt.STL" type="STL"/>
<VisualProperties>
<Ambient r="0.6470588235294118" g="0.61960784313725492" b="0.58823529411764708" a="1"/>
<Diffuse r="0.6470588235294118" g="0.61960784313725492" b="0.58823529411764708" a="1"/>
<Specular r="0.45294117647058824" g="0.43372549019607842" b="0.41176470588235292" a="1"/>
<Emissive r="0" g="0" b="0" a="1"/>
<Shininess>0.3125</Shininess>
</VisualProperties>
</Part>
<Part name="Pin_Short" uid="Pin_Short*:*Default" version="137">
<ModelUnits mass="kilogram" length="millimeter"/>
<PartFile name="Pin_Short.SLDPRT" type="SolidWorks Part"/>
<MassProperties>
<Mass>0.13760175822723295</Mass>
<CenterOfMass>0 0.029999999999999995 0</CenterOfMass>
<Inertia>4.47205714238507e-005 6.8800879113616495e-006 4.47205714238507e-005 0 0 0</Inertia>
</MassProperties>
<GeometryFile name="Pin_Short_Default_sldprt.STL" type="STL"/>
<VisualProperties>
<Ambient r="0.6470588235294118" g="0.61960784313725492" b="0.58823529411764708" a="1"/>
<Diffuse r="0.6470588235294118" g="0.61960784313725492" b="0.58823529411764708" a="1"/>
<Specular r="0.45294117647058824" g="0.43372549019607842" b="0.41176470588235292" a="1"/>
<Emissive r="0" g="0" b="0" a="1"/>
<Shininess>0.3125</Shininess>
</VisualProperties>
</Part>
<Part name="Tool" uid="Tool*:*Default" version="195">
<ModelUnits mass="kilogram" length="millimeter"/>
<PartFile name="Tool.SLDPRT" type="SolidWorks Part"/>
<MassProperties>
<Mass>0.30190397229973753</Mass>
<CenterOfMass>-8.3791123862344411e-005 0.02681823532640806 0</CenterOfMass>
<Inertia>0.0001610003205817994 5.0931196034307979e-005 0.00016118122918006413 0 0 2.2099178913518634e-006</Inertia>
</MassProperties>
<GeometryFile name="Tool_Default_sldprt.STL" type="STL"/>
<VisualProperties>
<Ambient r="0.89803921568627454" g="0.89803921568627454" b="0.89803921568627454" a="1"/>
<Diffuse r="0.89803921568627454" g="0.89803921568627454" b="0.89803921568627454" a="1"/>
<Specular r="0.62862745098039219" g="0.62862745098039219" b="0.62862745098039219" a="1"/>
<Emissive r="0" g="0" b="0" a="1"/>
<Shininess>0.3125</Shininess>
</VisualProperties>
</Part>
</Parts>
</SimMechanicsImportXML>
